              precision    recall  f1-score   support

           0     0.9955    0.9965    0.9960      4000
           1     0.9965    0.9975    0.9970      4000
           2     0.9896    0.9958    0.9926      4000
           3     0.9975    0.9925    0.9950      4000
           4     0.9952    0.9948    0.9950      4000
           5     0.9955    0.9955    0.9955      4000
           6     0.9960    0.9962    0.9961      4000
           7     0.9965    0.9945    0.9955      4000
           8     0.9945    0.9925    0.9935      4000
           9     0.9943    0.9952    0.9948      4000

    accuracy                         0.9951     40000
   macro avg     0.9951    0.9951    0.9951     40000
weighted avg     0.9951    0.9951    0.9951     40000
